# Created by Octave 8.4.0, Thu Aug 14 13:39:46 2025 UTC <runner@pkrvmsl9tci6h6u>
# name: x_terrain
# type: double_range
# base, limit, increment
0 50 0.15453219484536082


# name: y_terrain
# type: matrix
# rows: 1
# columns: 324
 390 390 390 390 390 390 390 390 390 390 390 390 390 390 390 390 390 390 390 390 390 390 390 390 390 390 390 390 390 390 390 390 390 390 390 390 390 390 390 390 390 390 390 390 390 390 390 390 390 390 390 390 390 390 390 390 390 390 390 390 390 390 390 390 390 389.99708809897885 389.98699714665548 389.97690619433206 389.96681524200864 389.95672428968527 389.94663333736185 389.93654238503848 389.92645143271506 389.91636048039163 389.90626952806826 389.89617857574484 389.88608762342142 389.87599667109805 389.86590571877463 389.85581476645126 389.84572381412784 389.83563286180441 389.82554190948105 389.81545095715762 389.8053600048342 389.79526905251083 389.78517810018741 389.77508714786404 389.76499619554062 389.75490524321719 389.74481429089383 389.7347233385704 389.72463238624698 389.71454143392361 389.70445048160019 389.69435952927677 389.6842685769534 389.67417762462998 389.66408667230661 389.65399571998319 389.64390476765976 389.6338138153364 389.62372286301297 389.61363191068955 389.60354095836618 389.59345000604276 389.58335905371939 389.57326810139597 389.56317714907254 389.55308619674918 389.54299524442575 389.53290429210233 389.52281333977896 389.51272238745554 389.50263143513217 389.49254048280875 389.48244953048533 389.47235857816196 389.46226762583854 389.45217667351511 389.44208572119175 389.43199476886832 389.42190381654495 389.41181286422153 389.40172191189811 389.39163095957474 389.38154000725132 389.37144905492789 389.36135810260453 389.3512671502811 389.34235344431238 389.33430231696093 389.32625118960948 389.31820006225803 389.31014893490658 389.30209780755513 389.29404668020368 389.28599555285223 389.27794442550083 389.26989329814938 389.26184217079793 389.25379104344648 389.24573991609503 389.23768878874358 389.22963766139213 389.22158653404074 389.21353540668929 389.20548427933784 389.19743315198639 389.18938202463494 389.18133089728349 389.17327976993204 389.16522864258059 389.15717751522919 389.14912638787774 389.14107526052629 389.13302413317484 389.12497300582339 389.11692187847194 389.10887075112049 389.1008196237691 389.09276849641765 389.0847173690662 389.07666624171475 389.0686151143633 389.06056398701185 389.0525128596604 389.04446173230895 389.03641060495755 389.0283594776061 389.02030835025465 389.0122572229032 389.00420609555175 388.9961549682003 388.98810384084885 388.98005271349746 388.97200158614601 388.96395045879456 388.95589933144311 388.94784820409166 388.93979707674021 388.93174594938876 388.92369482203731 388.91564369468591 388.90759256733446 388.89954143998301 388.89149031263156 388.88343918528011 388.87538805792866 388.86733693057721 388.85928580322582 388.85123467587437 388.84318354852292 388.83513242117147 388.82708129382002 388.82182612656084 388.81700472208166 388.81218331760249 388.80736191312332 388.80254050864414 388.79771910416497 388.7928976996858 388.78807629520662 388.78325489072745 388.77843348624828 388.7736120817691 388.76879067728993 388.76396927281075 388.75914786833158 388.75432646385241 388.74950505937323 388.74468365489406 388.73986225041489 388.73504084593571 388.73021944145654 388.72539803697731 388.72057663249814 388.71575522801896 388.71093382353979 388.70611241906062 388.70129101458144 388.69646961010227 388.6916482056231 388.68682680114392 388.68200539666475 388.67718399218558 388.6723625877064 388.66754118322723 388.66271977874806 388.65789837426888 388.65307696978971 388.64825556531054 388.64343416083136 388.63861275635219 388.63379135187301 388.62896994739384 388.62414854291467 388.61932713843549 388.61450573395632 388.60968432947715 388.60486292499797 388.6000415205188 388.59522011603963 388.59039871156045 388.58557730708122 388.58075590260205 388.57593449812288 388.5711130936437 388.56629168916453 388.56147028468536 388.55664888020618 388.55182747572701 388.54700607124784 388.54218466676866 388.53736326228949 388.53254185781032 388.52772045333114 388.52289904885197 388.5180776443728 388.51378068612246 388.51235898992991 388.51093729373736 388.50951559754475 388.5080939013522 388.50667220515959 388.50525050896704 388.50382881277443 388.50240711658188 388.50098542038927 388.49956372419672 388.49814202800411 388.49672033181156 388.49529863561901 388.4938769394264 388.49245524323385 388.49103354704124 388.48961185084869 388.48819015465608 388.48676845846353 388.48534676227092 388.48392506607837 388.48250336988576 388.48108167369321 388.47965997750066 388.47823828130805 388.4768165851155 388.47539488892289 388.47397319273034 388.47255149653773 388.47112980034518 388.46970810415257 388.46828640796002 388.46686471176741 388.46544301557486 388.46402131938231 388.4625996231897 388.46117792699715 388.45975623080454 388.45833453461199 388.45691283841938 388.45549114222683 388.45406944603423 388.45264774984167 388.45122605364907 388.44980435745651 388.44838266126396 388.44696096507136 388.4455392688788 388.4441175726862 388.44269587649364 388.44127418030104 388.43985248410848 388.43843078791588 388.43700909172333 388.43558739553072 388.43416569933817 388.43274400314561 388.43132230695301 388.42990061076046 388.42847891456785 388.4270572183753 388.42563552218269 388.42421382599014 388.42279212979753


